Iteration	Plus_Modern	Minus_Modern	Binomial_p	Fisher_p
1	5	3	0.7265625	0.314685314685315
2	8	0	0.0078125	0.00699300699300699
3	7	1	0.0703125	0.0405594405594406
4	6	2	0.2890625	0.131934731934732
5	8	0	0.0078125	0.00699300699300699
6	8	0	0.0078125	0.00699300699300699
7	5	3	0.7265625	0.314685314685315
8	8	0	0.0078125	0.00699300699300699
9	7	1	0.0703125	0.0405594405594406
10	6	2	0.2890625	0.131934731934732
11	8	0	0.0078125	0.00699300699300699
12	5	3	0.7265625	0.314685314685315
13	7	1	0.0703125	0.0405594405594406
14	5	3	0.7265625	0.314685314685315
15	8	0	0.0078125	0.00699300699300699
16	6	2	0.2890625	0.131934731934732
17	6	2	0.2890625	0.131934731934732
18	6	2	0.2890625	0.131934731934732
19	7	1	0.0703125	0.0405594405594406
20	5	3	0.7265625	0.314685314685315
21	6	2	0.2890625	0.131934731934732
22	6	2	0.2890625	0.131934731934732
23	7	1	0.0703125	0.0405594405594406
24	5	3	0.7265625	0.314685314685315
25	6	2	0.2890625	0.131934731934732
26	7	1	0.0703125	0.0405594405594406
27	6	2	0.2890625	0.131934731934732
28	5	3	0.7265625	0.314685314685315
29	7	1	0.0703125	0.0405594405594406
30	6	2	0.2890625	0.131934731934732
31	6	2	0.2890625	0.131934731934732
32	4	4	1	0.608391608391609
33	8	0	0.0078125	0.00699300699300699
34	7	1	0.0703125	0.0405594405594406
35	6	2	0.2890625	0.131934731934732
36	6	2	0.2890625	0.131934731934732
37	7	1	0.0703125	0.0405594405594406
38	7	1	0.0703125	0.0405594405594406
39	7	1	0.0703125	0.0405594405594406
40	5	3	0.7265625	0.314685314685315
41	8	0	0.0078125	0.00699300699300699
42	7	1	0.0703125	0.0405594405594406
43	5	3	0.7265625	0.314685314685315
44	8	0	0.0078125	0.00699300699300699
45	8	0	0.0078125	0.00699300699300699
46	8	0	0.0078125	0.00699300699300699
47	7	1	0.0703125	0.0405594405594406
48	7	1	0.0703125	0.0405594405594406
49	7	1	0.0703125	0.0405594405594406
50	7	1	0.0703125	0.0405594405594406
51	7	1	0.0703125	0.0405594405594406
52	8	0	0.0078125	0.00699300699300699
53	5	3	0.7265625	0.314685314685315
54	8	0	0.0078125	0.00699300699300699
55	8	0	0.0078125	0.00699300699300699
56	4	4	1	0.608391608391609
57	7	1	0.0703125	0.0405594405594406
58	6	2	0.2890625	0.131934731934732
59	7	1	0.0703125	0.0405594405594406
60	7	1	0.0703125	0.0405594405594406
61	6	2	0.2890625	0.131934731934732
62	8	0	0.0078125	0.00699300699300699
63	8	0	0.0078125	0.00699300699300699
64	8	0	0.0078125	0.00699300699300699
65	8	0	0.0078125	0.00699300699300699
66	7	1	0.0703125	0.0405594405594406
67	6	2	0.2890625	0.131934731934732
68	8	0	0.0078125	0.00699300699300699
69	8	0	0.0078125	0.00699300699300699
70	7	1	0.0703125	0.0405594405594406
71	7	1	0.0703125	0.0405594405594406
72	8	0	0.0078125	0.00699300699300699
73	6	2	0.2890625	0.131934731934732
74	5	3	0.7265625	0.314685314685315
75	6	2	0.2890625	0.131934731934732
76	8	0	0.0078125	0.00699300699300699
77	7	1	0.0703125	0.0405594405594406
78	7	1	0.0703125	0.0405594405594406
79	8	0	0.0078125	0.00699300699300699
80	6	2	0.2890625	0.131934731934732
81	8	0	0.0078125	0.00699300699300699
82	8	0	0.0078125	0.00699300699300699
83	8	0	0.0078125	0.00699300699300699
84	5	3	0.7265625	0.314685314685315
85	4	4	1	0.608391608391609
86	7	1	0.0703125	0.0405594405594406
87	7	1	0.0703125	0.0405594405594406
88	6	2	0.2890625	0.131934731934732
89	8	0	0.0078125	0.00699300699300699
90	7	1	0.0703125	0.0405594405594406
91	7	1	0.0703125	0.0405594405594406
92	6	2	0.2890625	0.131934731934732
93	8	0	0.0078125	0.00699300699300699
94	5	3	0.7265625	0.314685314685315
95	7	1	0.0703125	0.0405594405594406
96	8	0	0.0078125	0.00699300699300699
97	7	1	0.0703125	0.0405594405594406
98	8	0	0.0078125	0.00699300699300699
99	7	1	0.0703125	0.0405594405594406
100	7	1	0.0703125	0.0405594405594406
101	8	0	0.0078125	0.00699300699300699
102	6	2	0.2890625	0.131934731934732
103	7	1	0.0703125	0.0405594405594406
104	7	1	0.0703125	0.0405594405594406
105	6	2	0.2890625	0.131934731934732
106	6	2	0.2890625	0.131934731934732
107	7	1	0.0703125	0.0405594405594406
108	6	2	0.2890625	0.131934731934732
109	6	2	0.2890625	0.131934731934732
110	7	1	0.0703125	0.0405594405594406
111	8	0	0.0078125	0.00699300699300699
112	5	3	0.7265625	0.314685314685315
113	7	1	0.0703125	0.0405594405594406
114	8	0	0.0078125	0.00699300699300699
115	6	2	0.2890625	0.131934731934732
116	8	0	0.0078125	0.00699300699300699
117	7	1	0.0703125	0.0405594405594406
118	8	0	0.0078125	0.00699300699300699
119	7	1	0.0703125	0.0405594405594406
120	7	1	0.0703125	0.0405594405594406
121	5	3	0.7265625	0.314685314685315
122	7	1	0.0703125	0.0405594405594406
123	7	1	0.0703125	0.0405594405594406
124	7	1	0.0703125	0.0405594405594406
125	7	1	0.0703125	0.0405594405594406
126	8	0	0.0078125	0.00699300699300699
127	7	1	0.0703125	0.0405594405594406
128	8	0	0.0078125	0.00699300699300699
129	6	2	0.2890625	0.131934731934732
130	5	3	0.7265625	0.314685314685315
131	5	3	0.7265625	0.314685314685315
132	5	3	0.7265625	0.314685314685315
133	5	3	0.7265625	0.314685314685315
134	8	0	0.0078125	0.00699300699300699
135	8	0	0.0078125	0.00699300699300699
136	8	0	0.0078125	0.00699300699300699
137	6	2	0.2890625	0.131934731934732
138	6	2	0.2890625	0.131934731934732
139	7	1	0.0703125	0.0405594405594406
140	5	3	0.7265625	0.314685314685315
141	6	2	0.2890625	0.131934731934732
142	7	1	0.0703125	0.0405594405594406
143	7	1	0.0703125	0.0405594405594406
144	6	2	0.2890625	0.131934731934732
145	7	1	0.0703125	0.0405594405594406
146	8	0	0.0078125	0.00699300699300699
147	8	0	0.0078125	0.00699300699300699
148	4	4	1	0.608391608391609
149	6	2	0.2890625	0.131934731934732
150	7	1	0.0703125	0.0405594405594406
151	7	1	0.0703125	0.0405594405594406
152	5	3	0.7265625	0.314685314685315
153	7	1	0.0703125	0.0405594405594406
154	8	0	0.0078125	0.00699300699300699
155	7	1	0.0703125	0.0405594405594406
156	7	1	0.0703125	0.0405594405594406
157	8	0	0.0078125	0.00699300699300699
158	7	1	0.0703125	0.0405594405594406
159	6	2	0.2890625	0.131934731934732
160	7	1	0.0703125	0.0405594405594406
161	7	1	0.0703125	0.0405594405594406
162	6	2	0.2890625	0.131934731934732
163	5	3	0.7265625	0.314685314685315
164	7	1	0.0703125	0.0405594405594406
165	8	0	0.0078125	0.00699300699300699
166	8	0	0.0078125	0.00699300699300699
167	8	0	0.0078125	0.00699300699300699
168	6	2	0.2890625	0.131934731934732
169	6	2	0.2890625	0.131934731934732
170	7	1	0.0703125	0.0405594405594406
171	6	2	0.2890625	0.131934731934732
172	8	0	0.0078125	0.00699300699300699
173	6	2	0.2890625	0.131934731934732
174	7	1	0.0703125	0.0405594405594406
175	6	2	0.2890625	0.131934731934732
176	8	0	0.0078125	0.00699300699300699
177	7	1	0.0703125	0.0405594405594406
178	7	1	0.0703125	0.0405594405594406
179	7	1	0.0703125	0.0405594405594406
180	7	1	0.0703125	0.0405594405594406
181	6	2	0.2890625	0.131934731934732
182	7	1	0.0703125	0.0405594405594406
183	6	2	0.2890625	0.131934731934732
184	8	0	0.0078125	0.00699300699300699
185	6	2	0.2890625	0.131934731934732
186	7	1	0.0703125	0.0405594405594406
187	6	2	0.2890625	0.131934731934732
188	8	0	0.0078125	0.00699300699300699
189	8	0	0.0078125	0.00699300699300699
190	4	4	1	0.608391608391609
191	8	0	0.0078125	0.00699300699300699
192	6	2	0.2890625	0.131934731934732
193	7	1	0.0703125	0.0405594405594406
194	6	2	0.2890625	0.131934731934732
195	7	1	0.0703125	0.0405594405594406
196	7	1	0.0703125	0.0405594405594406
197	8	0	0.0078125	0.00699300699300699
198	6	2	0.2890625	0.131934731934732
199	8	0	0.0078125	0.00699300699300699
200	7	1	0.0703125	0.0405594405594406
201	7	1	0.0703125	0.0405594405594406
202	7	1	0.0703125	0.0405594405594406
203	6	2	0.2890625	0.131934731934732
204	7	1	0.0703125	0.0405594405594406
205	7	1	0.0703125	0.0405594405594406
206	7	1	0.0703125	0.0405594405594406
207	7	1	0.0703125	0.0405594405594406
208	6	2	0.2890625	0.131934731934732
209	6	2	0.2890625	0.131934731934732
210	8	0	0.0078125	0.00699300699300699
211	8	0	0.0078125	0.00699300699300699
212	6	2	0.2890625	0.131934731934732
213	7	1	0.0703125	0.0405594405594406
214	7	1	0.0703125	0.0405594405594406
215	6	2	0.2890625	0.131934731934732
216	6	2	0.2890625	0.131934731934732
217	5	3	0.7265625	0.314685314685315
218	8	0	0.0078125	0.00699300699300699
219	7	1	0.0703125	0.0405594405594406
220	7	1	0.0703125	0.0405594405594406
221	7	1	0.0703125	0.0405594405594406
222	7	1	0.0703125	0.0405594405594406
223	7	1	0.0703125	0.0405594405594406
224	5	3	0.7265625	0.314685314685315
225	7	1	0.0703125	0.0405594405594406
226	7	1	0.0703125	0.0405594405594406
227	7	1	0.0703125	0.0405594405594406
228	8	0	0.0078125	0.00699300699300699
229	6	2	0.2890625	0.131934731934732
230	6	2	0.2890625	0.131934731934732
231	7	1	0.0703125	0.0405594405594406
232	7	1	0.0703125	0.0405594405594406
233	7	1	0.0703125	0.0405594405594406
234	8	0	0.0078125	0.00699300699300699
235	8	0	0.0078125	0.00699300699300699
236	7	1	0.0703125	0.0405594405594406
237	7	1	0.0703125	0.0405594405594406
238	7	1	0.0703125	0.0405594405594406
239	7	1	0.0703125	0.0405594405594406
240	8	0	0.0078125	0.00699300699300699
241	8	0	0.0078125	0.00699300699300699
242	6	2	0.2890625	0.131934731934732
243	8	0	0.0078125	0.00699300699300699
244	6	2	0.2890625	0.131934731934732
245	6	2	0.2890625	0.131934731934732
246	6	2	0.2890625	0.131934731934732
247	8	0	0.0078125	0.00699300699300699
248	6	2	0.2890625	0.131934731934732
249	8	0	0.0078125	0.00699300699300699
250	7	1	0.0703125	0.0405594405594406
251	8	0	0.0078125	0.00699300699300699
252	7	1	0.0703125	0.0405594405594406
253	8	0	0.0078125	0.00699300699300699
254	8	0	0.0078125	0.00699300699300699
255	6	2	0.2890625	0.131934731934732
256	6	2	0.2890625	0.131934731934732
257	7	1	0.0703125	0.0405594405594406
258	3	5	0.7265625	1
259	5	3	0.7265625	0.314685314685315
260	6	2	0.2890625	0.131934731934732
261	8	0	0.0078125	0.00699300699300699
262	6	2	0.2890625	0.131934731934732
263	5	3	0.7265625	0.314685314685315
264	8	0	0.0078125	0.00699300699300699
265	8	0	0.0078125	0.00699300699300699
266	7	1	0.0703125	0.0405594405594406
267	7	1	0.0703125	0.0405594405594406
268	6	2	0.2890625	0.131934731934732
269	7	1	0.0703125	0.0405594405594406
270	8	0	0.0078125	0.00699300699300699
271	3	5	0.7265625	1
272	7	1	0.0703125	0.0405594405594406
273	7	1	0.0703125	0.0405594405594406
274	5	3	0.7265625	0.314685314685315
275	6	2	0.2890625	0.131934731934732
276	5	3	0.7265625	0.314685314685315
277	8	0	0.0078125	0.00699300699300699
278	8	0	0.0078125	0.00699300699300699
279	4	4	1	0.608391608391609
280	7	1	0.0703125	0.0405594405594406
281	5	3	0.7265625	0.314685314685315
282	8	0	0.0078125	0.00699300699300699
283	8	0	0.0078125	0.00699300699300699
284	6	2	0.2890625	0.131934731934732
285	8	0	0.0078125	0.00699300699300699
286	7	1	0.0703125	0.0405594405594406
287	6	2	0.2890625	0.131934731934732
288	8	0	0.0078125	0.00699300699300699
289	8	0	0.0078125	0.00699300699300699
290	5	3	0.7265625	0.314685314685315
291	6	2	0.2890625	0.131934731934732
292	8	0	0.0078125	0.00699300699300699
293	7	1	0.0703125	0.0405594405594406
294	5	3	0.7265625	0.314685314685315
295	7	1	0.0703125	0.0405594405594406
296	7	1	0.0703125	0.0405594405594406
297	6	2	0.2890625	0.131934731934732
298	7	1	0.0703125	0.0405594405594406
299	7	1	0.0703125	0.0405594405594406
300	7	1	0.0703125	0.0405594405594406
301	4	4	1	0.608391608391609
302	8	0	0.0078125	0.00699300699300699
303	7	1	0.0703125	0.0405594405594406
304	7	1	0.0703125	0.0405594405594406
305	7	1	0.0703125	0.0405594405594406
306	7	1	0.0703125	0.0405594405594406
307	7	1	0.0703125	0.0405594405594406
308	8	0	0.0078125	0.00699300699300699
309	5	3	0.7265625	0.314685314685315
310	6	2	0.2890625	0.131934731934732
311	5	3	0.7265625	0.314685314685315
312	8	0	0.0078125	0.00699300699300699
313	7	1	0.0703125	0.0405594405594406
314	7	1	0.0703125	0.0405594405594406
315	5	3	0.7265625	0.314685314685315
316	8	0	0.0078125	0.00699300699300699
317	6	2	0.2890625	0.131934731934732
318	7	1	0.0703125	0.0405594405594406
319	6	2	0.2890625	0.131934731934732
320	7	1	0.0703125	0.0405594405594406
321	6	2	0.2890625	0.131934731934732
322	6	2	0.2890625	0.131934731934732
323	5	3	0.7265625	0.314685314685315
324	5	3	0.7265625	0.314685314685315
325	6	2	0.2890625	0.131934731934732
326	6	2	0.2890625	0.131934731934732
327	8	0	0.0078125	0.00699300699300699
328	7	1	0.0703125	0.0405594405594406
329	8	0	0.0078125	0.00699300699300699
330	8	0	0.0078125	0.00699300699300699
331	7	1	0.0703125	0.0405594405594406
332	5	3	0.7265625	0.314685314685315
333	4	4	1	0.608391608391609
334	6	2	0.2890625	0.131934731934732
335	8	0	0.0078125	0.00699300699300699
336	7	1	0.0703125	0.0405594405594406
337	6	2	0.2890625	0.131934731934732
338	8	0	0.0078125	0.00699300699300699
339	6	2	0.2890625	0.131934731934732
340	8	0	0.0078125	0.00699300699300699
341	8	0	0.0078125	0.00699300699300699
342	8	0	0.0078125	0.00699300699300699
343	8	0	0.0078125	0.00699300699300699
344	7	1	0.0703125	0.0405594405594406
345	8	0	0.0078125	0.00699300699300699
346	6	2	0.2890625	0.131934731934732
347	7	1	0.0703125	0.0405594405594406
348	8	0	0.0078125	0.00699300699300699
349	6	2	0.2890625	0.131934731934732
350	8	0	0.0078125	0.00699300699300699
351	6	2	0.2890625	0.131934731934732
352	7	1	0.0703125	0.0405594405594406
353	5	3	0.7265625	0.314685314685315
354	8	0	0.0078125	0.00699300699300699
355	8	0	0.0078125	0.00699300699300699
356	8	0	0.0078125	0.00699300699300699
357	6	2	0.2890625	0.131934731934732
358	7	1	0.0703125	0.0405594405594406
359	8	0	0.0078125	0.00699300699300699
360	8	0	0.0078125	0.00699300699300699
361	7	1	0.0703125	0.0405594405594406
362	6	2	0.2890625	0.131934731934732
363	8	0	0.0078125	0.00699300699300699
364	6	2	0.2890625	0.131934731934732
365	6	2	0.2890625	0.131934731934732
366	6	2	0.2890625	0.131934731934732
367	6	2	0.2890625	0.131934731934732
368	8	0	0.0078125	0.00699300699300699
369	8	0	0.0078125	0.00699300699300699
370	7	1	0.0703125	0.0405594405594406
371	7	1	0.0703125	0.0405594405594406
372	8	0	0.0078125	0.00699300699300699
373	8	0	0.0078125	0.00699300699300699
374	7	1	0.0703125	0.0405594405594406
375	8	0	0.0078125	0.00699300699300699
376	7	1	0.0703125	0.0405594405594406
377	7	1	0.0703125	0.0405594405594406
378	7	1	0.0703125	0.0405594405594406
379	7	1	0.0703125	0.0405594405594406
380	8	0	0.0078125	0.00699300699300699
381	6	2	0.2890625	0.131934731934732
382	6	2	0.2890625	0.131934731934732
383	6	2	0.2890625	0.131934731934732
384	5	3	0.7265625	0.314685314685315
385	6	2	0.2890625	0.131934731934732
386	8	0	0.0078125	0.00699300699300699
387	7	1	0.0703125	0.0405594405594406
388	7	1	0.0703125	0.0405594405594406
389	7	1	0.0703125	0.0405594405594406
390	7	1	0.0703125	0.0405594405594406
391	8	0	0.0078125	0.00699300699300699
392	6	2	0.2890625	0.131934731934732
393	6	2	0.2890625	0.131934731934732
394	5	3	0.7265625	0.314685314685315
395	8	0	0.0078125	0.00699300699300699
396	7	1	0.0703125	0.0405594405594406
397	7	1	0.0703125	0.0405594405594406
398	5	3	0.7265625	0.314685314685315
399	6	2	0.2890625	0.131934731934732
400	8	0	0.0078125	0.00699300699300699
401	7	1	0.0703125	0.0405594405594406
402	8	0	0.0078125	0.00699300699300699
403	8	0	0.0078125	0.00699300699300699
404	7	1	0.0703125	0.0405594405594406
405	6	2	0.2890625	0.131934731934732
406	7	1	0.0703125	0.0405594405594406
407	6	2	0.2890625	0.131934731934732
408	7	1	0.0703125	0.0405594405594406
409	7	1	0.0703125	0.0405594405594406
410	8	0	0.0078125	0.00699300699300699
411	8	0	0.0078125	0.00699300699300699
412	6	2	0.2890625	0.131934731934732
413	6	2	0.2890625	0.131934731934732
414	5	3	0.7265625	0.314685314685315
415	7	1	0.0703125	0.0405594405594406
416	8	0	0.0078125	0.00699300699300699
417	6	2	0.2890625	0.131934731934732
418	6	2	0.2890625	0.131934731934732
419	7	1	0.0703125	0.0405594405594406
420	7	1	0.0703125	0.0405594405594406
421	8	0	0.0078125	0.00699300699300699
422	7	1	0.0703125	0.0405594405594406
423	7	1	0.0703125	0.0405594405594406
424	6	2	0.2890625	0.131934731934732
425	7	1	0.0703125	0.0405594405594406
426	8	0	0.0078125	0.00699300699300699
427	7	1	0.0703125	0.0405594405594406
428	5	3	0.7265625	0.314685314685315
429	8	0	0.0078125	0.00699300699300699
430	7	1	0.0703125	0.0405594405594406
431	6	2	0.2890625	0.131934731934732
432	7	1	0.0703125	0.0405594405594406
433	8	0	0.0078125	0.00699300699300699
434	8	0	0.0078125	0.00699300699300699
435	8	0	0.0078125	0.00699300699300699
436	6	2	0.2890625	0.131934731934732
437	7	1	0.0703125	0.0405594405594406
438	7	1	0.0703125	0.0405594405594406
439	8	0	0.0078125	0.00699300699300699
440	5	3	0.7265625	0.314685314685315
441	7	1	0.0703125	0.0405594405594406
442	8	0	0.0078125	0.00699300699300699
443	6	2	0.2890625	0.131934731934732
444	7	1	0.0703125	0.0405594405594406
445	8	0	0.0078125	0.00699300699300699
446	5	3	0.7265625	0.314685314685315
447	6	2	0.2890625	0.131934731934732
448	6	2	0.2890625	0.131934731934732
449	7	1	0.0703125	0.0405594405594406
450	5	3	0.7265625	0.314685314685315
451	6	2	0.2890625	0.131934731934732
452	7	1	0.0703125	0.0405594405594406
453	8	0	0.0078125	0.00699300699300699
454	7	1	0.0703125	0.0405594405594406
455	8	0	0.0078125	0.00699300699300699
456	6	2	0.2890625	0.131934731934732
457	7	1	0.0703125	0.0405594405594406
458	6	2	0.2890625	0.131934731934732
459	8	0	0.0078125	0.00699300699300699
460	7	1	0.0703125	0.0405594405594406
461	7	1	0.0703125	0.0405594405594406
462	6	2	0.2890625	0.131934731934732
463	7	1	0.0703125	0.0405594405594406
464	7	1	0.0703125	0.0405594405594406
465	7	1	0.0703125	0.0405594405594406
466	6	2	0.2890625	0.131934731934732
467	7	1	0.0703125	0.0405594405594406
468	6	2	0.2890625	0.131934731934732
469	5	3	0.7265625	0.314685314685315
470	8	0	0.0078125	0.00699300699300699
471	6	2	0.2890625	0.131934731934732
472	6	2	0.2890625	0.131934731934732
473	8	0	0.0078125	0.00699300699300699
474	7	1	0.0703125	0.0405594405594406
475	8	0	0.0078125	0.00699300699300699
476	8	0	0.0078125	0.00699300699300699
477	6	2	0.2890625	0.131934731934732
478	8	0	0.0078125	0.00699300699300699
479	8	0	0.0078125	0.00699300699300699
480	6	2	0.2890625	0.131934731934732
481	6	2	0.2890625	0.131934731934732
482	6	2	0.2890625	0.131934731934732
483	4	4	1	0.608391608391609
484	8	0	0.0078125	0.00699300699300699
485	8	0	0.0078125	0.00699300699300699
486	7	1	0.0703125	0.0405594405594406
487	8	0	0.0078125	0.00699300699300699
488	5	3	0.7265625	0.314685314685315
489	6	2	0.2890625	0.131934731934732
490	7	1	0.0703125	0.0405594405594406
491	8	0	0.0078125	0.00699300699300699
492	7	1	0.0703125	0.0405594405594406
493	5	3	0.7265625	0.314685314685315
494	7	1	0.0703125	0.0405594405594406
495	7	1	0.0703125	0.0405594405594406
496	7	1	0.0703125	0.0405594405594406
497	8	0	0.0078125	0.00699300699300699
498	6	2	0.2890625	0.131934731934732
499	7	1	0.0703125	0.0405594405594406
500	4	4	1	0.608391608391609
501	6	2	0.2890625	0.131934731934732
502	6	2	0.2890625	0.131934731934732
503	6	2	0.2890625	0.131934731934732
504	6	2	0.2890625	0.131934731934732
505	7	1	0.0703125	0.0405594405594406
506	5	3	0.7265625	0.314685314685315
507	4	4	1	0.608391608391609
508	7	1	0.0703125	0.0405594405594406
509	6	2	0.2890625	0.131934731934732
510	7	1	0.0703125	0.0405594405594406
511	8	0	0.0078125	0.00699300699300699
512	5	3	0.7265625	0.314685314685315
513	7	1	0.0703125	0.0405594405594406
514	7	1	0.0703125	0.0405594405594406
515	7	1	0.0703125	0.0405594405594406
516	6	2	0.2890625	0.131934731934732
517	8	0	0.0078125	0.00699300699300699
518	5	3	0.7265625	0.314685314685315
519	5	3	0.7265625	0.314685314685315
520	7	1	0.0703125	0.0405594405594406
521	5	3	0.7265625	0.314685314685315
522	7	1	0.0703125	0.0405594405594406
523	6	2	0.2890625	0.131934731934732
524	6	2	0.2890625	0.131934731934732
525	7	1	0.0703125	0.0405594405594406
526	7	1	0.0703125	0.0405594405594406
527	8	0	0.0078125	0.00699300699300699
528	7	1	0.0703125	0.0405594405594406
529	7	1	0.0703125	0.0405594405594406
530	8	0	0.0078125	0.00699300699300699
531	6	2	0.2890625	0.131934731934732
532	7	1	0.0703125	0.0405594405594406
533	8	0	0.0078125	0.00699300699300699
534	8	0	0.0078125	0.00699300699300699
535	6	2	0.2890625	0.131934731934732
536	6	2	0.2890625	0.131934731934732
537	7	1	0.0703125	0.0405594405594406
538	6	2	0.2890625	0.131934731934732
539	8	0	0.0078125	0.00699300699300699
540	7	1	0.0703125	0.0405594405594406
541	7	1	0.0703125	0.0405594405594406
542	5	3	0.7265625	0.314685314685315
543	7	1	0.0703125	0.0405594405594406
544	7	1	0.0703125	0.0405594405594406
545	8	0	0.0078125	0.00699300699300699
546	7	1	0.0703125	0.0405594405594406
547	5	3	0.7265625	0.314685314685315
548	8	0	0.0078125	0.00699300699300699
549	6	2	0.2890625	0.131934731934732
550	8	0	0.0078125	0.00699300699300699
551	7	1	0.0703125	0.0405594405594406
552	7	1	0.0703125	0.0405594405594406
553	7	1	0.0703125	0.0405594405594406
554	7	1	0.0703125	0.0405594405594406
555	7	1	0.0703125	0.0405594405594406
556	7	1	0.0703125	0.0405594405594406
557	8	0	0.0078125	0.00699300699300699
558	7	1	0.0703125	0.0405594405594406
559	8	0	0.0078125	0.00699300699300699
560	7	1	0.0703125	0.0405594405594406
561	8	0	0.0078125	0.00699300699300699
562	7	1	0.0703125	0.0405594405594406
563	8	0	0.0078125	0.00699300699300699
564	7	1	0.0703125	0.0405594405594406
565	6	2	0.2890625	0.131934731934732
566	6	2	0.2890625	0.131934731934732
567	8	0	0.0078125	0.00699300699300699
568	8	0	0.0078125	0.00699300699300699
569	8	0	0.0078125	0.00699300699300699
570	7	1	0.0703125	0.0405594405594406
571	8	0	0.0078125	0.00699300699300699
572	5	3	0.7265625	0.314685314685315
573	6	2	0.2890625	0.131934731934732
574	7	1	0.0703125	0.0405594405594406
575	7	1	0.0703125	0.0405594405594406
576	7	1	0.0703125	0.0405594405594406
577	7	1	0.0703125	0.0405594405594406
578	8	0	0.0078125	0.00699300699300699
579	7	1	0.0703125	0.0405594405594406
580	8	0	0.0078125	0.00699300699300699
581	8	0	0.0078125	0.00699300699300699
582	6	2	0.2890625	0.131934731934732
583	7	1	0.0703125	0.0405594405594406
584	3	5	0.7265625	1
585	5	3	0.7265625	0.314685314685315
586	6	2	0.2890625	0.131934731934732
587	6	2	0.2890625	0.131934731934732
588	6	2	0.2890625	0.131934731934732
589	7	1	0.0703125	0.0405594405594406
590	8	0	0.0078125	0.00699300699300699
591	6	2	0.2890625	0.131934731934732
592	7	1	0.0703125	0.0405594405594406
593	8	0	0.0078125	0.00699300699300699
594	6	2	0.2890625	0.131934731934732
595	7	1	0.0703125	0.0405594405594406
596	7	1	0.0703125	0.0405594405594406
597	8	0	0.0078125	0.00699300699300699
598	6	2	0.2890625	0.131934731934732
599	7	1	0.0703125	0.0405594405594406
600	7	1	0.0703125	0.0405594405594406
601	6	2	0.2890625	0.131934731934732
602	6	2	0.2890625	0.131934731934732
603	6	2	0.2890625	0.131934731934732
604	6	2	0.2890625	0.131934731934732
605	8	0	0.0078125	0.00699300699300699
606	8	0	0.0078125	0.00699300699300699
607	8	0	0.0078125	0.00699300699300699
608	8	0	0.0078125	0.00699300699300699
609	8	0	0.0078125	0.00699300699300699
610	8	0	0.0078125	0.00699300699300699
611	6	2	0.2890625	0.131934731934732
612	6	2	0.2890625	0.131934731934732
613	4	4	1	0.608391608391609
614	6	2	0.2890625	0.131934731934732
615	8	0	0.0078125	0.00699300699300699
616	6	2	0.2890625	0.131934731934732
617	6	2	0.2890625	0.131934731934732
618	7	1	0.0703125	0.0405594405594406
619	7	1	0.0703125	0.0405594405594406
620	7	1	0.0703125	0.0405594405594406
621	7	1	0.0703125	0.0405594405594406
622	8	0	0.0078125	0.00699300699300699
623	7	1	0.0703125	0.0405594405594406
624	7	1	0.0703125	0.0405594405594406
625	7	1	0.0703125	0.0405594405594406
626	8	0	0.0078125	0.00699300699300699
627	7	1	0.0703125	0.0405594405594406
628	6	2	0.2890625	0.131934731934732
629	8	0	0.0078125	0.00699300699300699
630	5	3	0.7265625	0.314685314685315
631	8	0	0.0078125	0.00699300699300699
632	4	4	1	0.608391608391609
633	7	1	0.0703125	0.0405594405594406
634	7	1	0.0703125	0.0405594405594406
635	5	3	0.7265625	0.314685314685315
636	7	1	0.0703125	0.0405594405594406
637	6	2	0.2890625	0.131934731934732
638	7	1	0.0703125	0.0405594405594406
639	5	3	0.7265625	0.314685314685315
640	8	0	0.0078125	0.00699300699300699
641	6	2	0.2890625	0.131934731934732
642	7	1	0.0703125	0.0405594405594406
643	7	1	0.0703125	0.0405594405594406
644	7	1	0.0703125	0.0405594405594406
645	7	1	0.0703125	0.0405594405594406
646	7	1	0.0703125	0.0405594405594406
647	6	2	0.2890625	0.131934731934732
648	7	1	0.0703125	0.0405594405594406
649	5	3	0.7265625	0.314685314685315
650	4	4	1	0.608391608391609
651	7	1	0.0703125	0.0405594405594406
652	8	0	0.0078125	0.00699300699300699
653	6	2	0.2890625	0.131934731934732
654	6	2	0.2890625	0.131934731934732
655	7	1	0.0703125	0.0405594405594406
656	8	0	0.0078125	0.00699300699300699
657	7	1	0.0703125	0.0405594405594406
658	5	3	0.7265625	0.314685314685315
659	6	2	0.2890625	0.131934731934732
660	6	2	0.2890625	0.131934731934732
661	6	2	0.2890625	0.131934731934732
662	6	2	0.2890625	0.131934731934732
663	8	0	0.0078125	0.00699300699300699
664	7	1	0.0703125	0.0405594405594406
665	5	3	0.7265625	0.314685314685315
666	4	4	1	0.608391608391609
667	6	2	0.2890625	0.131934731934732
668	6	2	0.2890625	0.131934731934732
669	8	0	0.0078125	0.00699300699300699
670	4	4	1	0.608391608391609
671	6	2	0.2890625	0.131934731934732
672	6	2	0.2890625	0.131934731934732
673	5	3	0.7265625	0.314685314685315
674	6	2	0.2890625	0.131934731934732
675	6	2	0.2890625	0.131934731934732
676	6	2	0.2890625	0.131934731934732
677	5	3	0.7265625	0.314685314685315
678	7	1	0.0703125	0.0405594405594406
679	6	2	0.2890625	0.131934731934732
680	7	1	0.0703125	0.0405594405594406
681	7	1	0.0703125	0.0405594405594406
682	7	1	0.0703125	0.0405594405594406
683	7	1	0.0703125	0.0405594405594406
684	8	0	0.0078125	0.00699300699300699
685	7	1	0.0703125	0.0405594405594406
686	6	2	0.2890625	0.131934731934732
687	7	1	0.0703125	0.0405594405594406
688	8	0	0.0078125	0.00699300699300699
689	5	3	0.7265625	0.314685314685315
690	6	2	0.2890625	0.131934731934732
691	8	0	0.0078125	0.00699300699300699
692	8	0	0.0078125	0.00699300699300699
693	6	2	0.2890625	0.131934731934732
694	8	0	0.0078125	0.00699300699300699
695	8	0	0.0078125	0.00699300699300699
696	8	0	0.0078125	0.00699300699300699
697	6	2	0.2890625	0.131934731934732
698	8	0	0.0078125	0.00699300699300699
699	6	2	0.2890625	0.131934731934732
700	8	0	0.0078125	0.00699300699300699
701	7	1	0.0703125	0.0405594405594406
702	6	2	0.2890625	0.131934731934732
703	5	3	0.7265625	0.314685314685315
704	7	1	0.0703125	0.0405594405594406
705	6	2	0.2890625	0.131934731934732
706	6	2	0.2890625	0.131934731934732
707	6	2	0.2890625	0.131934731934732
708	8	0	0.0078125	0.00699300699300699
709	7	1	0.0703125	0.0405594405594406
710	7	1	0.0703125	0.0405594405594406
711	4	4	1	0.608391608391609
712	7	1	0.0703125	0.0405594405594406
713	8	0	0.0078125	0.00699300699300699
714	5	3	0.7265625	0.314685314685315
715	5	3	0.7265625	0.314685314685315
716	8	0	0.0078125	0.00699300699300699
717	7	1	0.0703125	0.0405594405594406
718	7	1	0.0703125	0.0405594405594406
719	8	0	0.0078125	0.00699300699300699
720	7	1	0.0703125	0.0405594405594406
721	8	0	0.0078125	0.00699300699300699
722	5	3	0.7265625	0.314685314685315
723	4	4	1	0.608391608391609
724	6	2	0.2890625	0.131934731934732
725	6	2	0.2890625	0.131934731934732
726	7	1	0.0703125	0.0405594405594406
727	7	1	0.0703125	0.0405594405594406
728	7	1	0.0703125	0.0405594405594406
729	7	1	0.0703125	0.0405594405594406
730	5	3	0.7265625	0.314685314685315
731	5	3	0.7265625	0.314685314685315
732	8	0	0.0078125	0.00699300699300699
733	6	2	0.2890625	0.131934731934732
734	7	1	0.0703125	0.0405594405594406
735	6	2	0.2890625	0.131934731934732
736	6	2	0.2890625	0.131934731934732
737	6	2	0.2890625	0.131934731934732
738	6	2	0.2890625	0.131934731934732
739	5	3	0.7265625	0.314685314685315
740	6	2	0.2890625	0.131934731934732
741	8	0	0.0078125	0.00699300699300699
742	8	0	0.0078125	0.00699300699300699
743	5	3	0.7265625	0.314685314685315
744	6	2	0.2890625	0.131934731934732
745	7	1	0.0703125	0.0405594405594406
746	7	1	0.0703125	0.0405594405594406
747	8	0	0.0078125	0.00699300699300699
748	7	1	0.0703125	0.0405594405594406
749	6	2	0.2890625	0.131934731934732
750	5	3	0.7265625	0.314685314685315
751	7	1	0.0703125	0.0405594405594406
752	7	1	0.0703125	0.0405594405594406
753	7	1	0.0703125	0.0405594405594406
754	5	3	0.7265625	0.314685314685315
755	4	4	1	0.608391608391609
756	6	2	0.2890625	0.131934731934732
757	8	0	0.0078125	0.00699300699300699
758	8	0	0.0078125	0.00699300699300699
759	7	1	0.0703125	0.0405594405594406
760	7	1	0.0703125	0.0405594405594406
761	7	1	0.0703125	0.0405594405594406
762	5	3	0.7265625	0.314685314685315
763	5	3	0.7265625	0.314685314685315
764	6	2	0.2890625	0.131934731934732
765	6	2	0.2890625	0.131934731934732
766	6	2	0.2890625	0.131934731934732
767	3	5	0.7265625	1
768	6	2	0.2890625	0.131934731934732
769	8	0	0.0078125	0.00699300699300699
770	7	1	0.0703125	0.0405594405594406
771	7	1	0.0703125	0.0405594405594406
772	6	2	0.2890625	0.131934731934732
773	8	0	0.0078125	0.00699300699300699
774	8	0	0.0078125	0.00699300699300699
775	4	4	1	0.608391608391609
776	7	1	0.0703125	0.0405594405594406
777	6	2	0.2890625	0.131934731934732
778	8	0	0.0078125	0.00699300699300699
779	7	1	0.0703125	0.0405594405594406
780	8	0	0.0078125	0.00699300699300699
781	5	3	0.7265625	0.314685314685315
782	4	4	1	0.608391608391609
783	6	2	0.2890625	0.131934731934732
784	7	1	0.0703125	0.0405594405594406
785	7	1	0.0703125	0.0405594405594406
786	8	0	0.0078125	0.00699300699300699
787	8	0	0.0078125	0.00699300699300699
788	5	3	0.7265625	0.314685314685315
789	7	1	0.0703125	0.0405594405594406
790	7	1	0.0703125	0.0405594405594406
791	8	0	0.0078125	0.00699300699300699
792	8	0	0.0078125	0.00699300699300699
793	7	1	0.0703125	0.0405594405594406
794	7	1	0.0703125	0.0405594405594406
795	6	2	0.2890625	0.131934731934732
796	6	2	0.2890625	0.131934731934732
797	7	1	0.0703125	0.0405594405594406
798	8	0	0.0078125	0.00699300699300699
799	6	2	0.2890625	0.131934731934732
800	7	1	0.0703125	0.0405594405594406
801	7	1	0.0703125	0.0405594405594406
802	6	2	0.2890625	0.131934731934732
803	6	2	0.2890625	0.131934731934732
804	5	3	0.7265625	0.314685314685315
805	6	2	0.2890625	0.131934731934732
806	6	2	0.2890625	0.131934731934732
807	8	0	0.0078125	0.00699300699300699
808	6	2	0.2890625	0.131934731934732
809	5	3	0.7265625	0.314685314685315
810	6	2	0.2890625	0.131934731934732
811	6	2	0.2890625	0.131934731934732
812	5	3	0.7265625	0.314685314685315
813	5	3	0.7265625	0.314685314685315
814	5	3	0.7265625	0.314685314685315
815	8	0	0.0078125	0.00699300699300699
816	8	0	0.0078125	0.00699300699300699
817	6	2	0.2890625	0.131934731934732
818	7	1	0.0703125	0.0405594405594406
819	7	1	0.0703125	0.0405594405594406
820	5	3	0.7265625	0.314685314685315
821	5	3	0.7265625	0.314685314685315
822	7	1	0.0703125	0.0405594405594406
823	8	0	0.0078125	0.00699300699300699
824	6	2	0.2890625	0.131934731934732
825	4	4	1	0.608391608391609
826	8	0	0.0078125	0.00699300699300699
827	8	0	0.0078125	0.00699300699300699
828	8	0	0.0078125	0.00699300699300699
829	6	2	0.2890625	0.131934731934732
830	6	2	0.2890625	0.131934731934732
831	6	2	0.2890625	0.131934731934732
832	8	0	0.0078125	0.00699300699300699
833	6	2	0.2890625	0.131934731934732
834	7	1	0.0703125	0.0405594405594406
835	6	2	0.2890625	0.131934731934732
836	8	0	0.0078125	0.00699300699300699
837	7	1	0.0703125	0.0405594405594406
838	7	1	0.0703125	0.0405594405594406
839	6	2	0.2890625	0.131934731934732
840	6	2	0.2890625	0.131934731934732
841	7	1	0.0703125	0.0405594405594406
842	6	2	0.2890625	0.131934731934732
843	6	2	0.2890625	0.131934731934732
844	5	3	0.7265625	0.314685314685315
845	7	1	0.0703125	0.0405594405594406
846	7	1	0.0703125	0.0405594405594406
847	7	1	0.0703125	0.0405594405594406
848	8	0	0.0078125	0.00699300699300699
849	7	1	0.0703125	0.0405594405594406
850	7	1	0.0703125	0.0405594405594406
851	7	1	0.0703125	0.0405594405594406
852	7	1	0.0703125	0.0405594405594406
853	6	2	0.2890625	0.131934731934732
854	8	0	0.0078125	0.00699300699300699
855	8	0	0.0078125	0.00699300699300699
856	8	0	0.0078125	0.00699300699300699
857	8	0	0.0078125	0.00699300699300699
858	8	0	0.0078125	0.00699300699300699
859	5	3	0.7265625	0.314685314685315
860	6	2	0.2890625	0.131934731934732
861	8	0	0.0078125	0.00699300699300699
862	5	3	0.7265625	0.314685314685315
863	5	3	0.7265625	0.314685314685315
864	7	1	0.0703125	0.0405594405594406
865	7	1	0.0703125	0.0405594405594406
866	6	2	0.2890625	0.131934731934732
867	7	1	0.0703125	0.0405594405594406
868	7	1	0.0703125	0.0405594405594406
869	6	2	0.2890625	0.131934731934732
870	8	0	0.0078125	0.00699300699300699
871	8	0	0.0078125	0.00699300699300699
872	8	0	0.0078125	0.00699300699300699
873	8	0	0.0078125	0.00699300699300699
874	5	3	0.7265625	0.314685314685315
875	6	2	0.2890625	0.131934731934732
876	4	4	1	0.608391608391609
877	7	1	0.0703125	0.0405594405594406
878	7	1	0.0703125	0.0405594405594406
879	6	2	0.2890625	0.131934731934732
880	7	1	0.0703125	0.0405594405594406
881	7	1	0.0703125	0.0405594405594406
882	7	1	0.0703125	0.0405594405594406
883	8	0	0.0078125	0.00699300699300699
884	8	0	0.0078125	0.00699300699300699
885	5	3	0.7265625	0.314685314685315
886	7	1	0.0703125	0.0405594405594406
887	6	2	0.2890625	0.131934731934732
888	7	1	0.0703125	0.0405594405594406
889	7	1	0.0703125	0.0405594405594406
890	7	1	0.0703125	0.0405594405594406
891	8	0	0.0078125	0.00699300699300699
892	5	3	0.7265625	0.314685314685315
893	6	2	0.2890625	0.131934731934732
894	8	0	0.0078125	0.00699300699300699
895	8	0	0.0078125	0.00699300699300699
896	6	2	0.2890625	0.131934731934732
897	7	1	0.0703125	0.0405594405594406
898	8	0	0.0078125	0.00699300699300699
899	7	1	0.0703125	0.0405594405594406
900	7	1	0.0703125	0.0405594405594406
901	7	1	0.0703125	0.0405594405594406
902	8	0	0.0078125	0.00699300699300699
903	4	4	1	0.608391608391609
904	6	2	0.2890625	0.131934731934732
905	6	2	0.2890625	0.131934731934732
906	7	1	0.0703125	0.0405594405594406
907	4	4	1	0.608391608391609
908	7	1	0.0703125	0.0405594405594406
909	8	0	0.0078125	0.00699300699300699
910	6	2	0.2890625	0.131934731934732
911	7	1	0.0703125	0.0405594405594406
912	6	2	0.2890625	0.131934731934732
913	7	1	0.0703125	0.0405594405594406
914	7	1	0.0703125	0.0405594405594406
915	8	0	0.0078125	0.00699300699300699
916	7	1	0.0703125	0.0405594405594406
917	6	2	0.2890625	0.131934731934732
918	5	3	0.7265625	0.314685314685315
919	4	4	1	0.608391608391609
920	8	0	0.0078125	0.00699300699300699
921	7	1	0.0703125	0.0405594405594406
922	5	3	0.7265625	0.314685314685315
923	5	3	0.7265625	0.314685314685315
924	6	2	0.2890625	0.131934731934732
925	6	2	0.2890625	0.131934731934732
926	5	3	0.7265625	0.314685314685315
927	8	0	0.0078125	0.00699300699300699
928	8	0	0.0078125	0.00699300699300699
929	7	1	0.0703125	0.0405594405594406
930	7	1	0.0703125	0.0405594405594406
931	8	0	0.0078125	0.00699300699300699
932	8	0	0.0078125	0.00699300699300699
933	8	0	0.0078125	0.00699300699300699
934	8	0	0.0078125	0.00699300699300699
935	5	3	0.7265625	0.314685314685315
936	8	0	0.0078125	0.00699300699300699
937	8	0	0.0078125	0.00699300699300699
938	6	2	0.2890625	0.131934731934732
939	4	4	1	0.608391608391609
940	7	1	0.0703125	0.0405594405594406
941	6	2	0.2890625	0.131934731934732
942	8	0	0.0078125	0.00699300699300699
943	5	3	0.7265625	0.314685314685315
944	7	1	0.0703125	0.0405594405594406
945	5	3	0.7265625	0.314685314685315
946	7	1	0.0703125	0.0405594405594406
947	8	0	0.0078125	0.00699300699300699
948	6	2	0.2890625	0.131934731934732
949	7	1	0.0703125	0.0405594405594406
950	6	2	0.2890625	0.131934731934732
951	8	0	0.0078125	0.00699300699300699
952	7	1	0.0703125	0.0405594405594406
953	8	0	0.0078125	0.00699300699300699
954	6	2	0.2890625	0.131934731934732
955	7	1	0.0703125	0.0405594405594406
956	8	0	0.0078125	0.00699300699300699
957	7	1	0.0703125	0.0405594405594406
958	6	2	0.2890625	0.131934731934732
959	8	0	0.0078125	0.00699300699300699
960	7	1	0.0703125	0.0405594405594406
961	8	0	0.0078125	0.00699300699300699
962	7	1	0.0703125	0.0405594405594406
963	7	1	0.0703125	0.0405594405594406
964	6	2	0.2890625	0.131934731934732
965	7	1	0.0703125	0.0405594405594406
966	8	0	0.0078125	0.00699300699300699
967	6	2	0.2890625	0.131934731934732
968	8	0	0.0078125	0.00699300699300699
969	6	2	0.2890625	0.131934731934732
970	7	1	0.0703125	0.0405594405594406
971	5	3	0.7265625	0.314685314685315
972	8	0	0.0078125	0.00699300699300699
973	7	1	0.0703125	0.0405594405594406
974	6	2	0.2890625	0.131934731934732
975	7	1	0.0703125	0.0405594405594406
976	8	0	0.0078125	0.00699300699300699
977	8	0	0.0078125	0.00699300699300699
978	6	2	0.2890625	0.131934731934732
979	7	1	0.0703125	0.0405594405594406
980	7	1	0.0703125	0.0405594405594406
981	6	2	0.2890625	0.131934731934732
982	7	1	0.0703125	0.0405594405594406
983	8	0	0.0078125	0.00699300699300699
984	7	1	0.0703125	0.0405594405594406
985	8	0	0.0078125	0.00699300699300699
986	6	2	0.2890625	0.131934731934732
987	6	2	0.2890625	0.131934731934732
988	7	1	0.0703125	0.0405594405594406
989	8	0	0.0078125	0.00699300699300699
990	7	1	0.0703125	0.0405594405594406
991	4	4	1	0.608391608391609
992	7	1	0.0703125	0.0405594405594406
993	6	2	0.2890625	0.131934731934732
994	6	2	0.2890625	0.131934731934732
995	7	1	0.0703125	0.0405594405594406
996	7	1	0.0703125	0.0405594405594406
997	7	1	0.0703125	0.0405594405594406
998	4	4	1	0.608391608391609
999	8	0	0.0078125	0.00699300699300699
1000	6	2	0.2890625	0.131934731934732
